  [126.94973032, 37.44716998, 205],
  [126.95005233, 37.44706071, 95],
  [126.94980159, 37.44736864, 91],
  [126.9499662, 37.4470445, 213],
  [126.94983287, 37.44711846, 215],
  [126.94972753, 37.44715939, 222],
  [126.94964215, 37.44708916, 226],
  [126.94958418, 37.4470117, 225],
  [126.94967236, 37.44694937, 237],
  [126.94978907, 37.44695293, 240],
  [126.94989738, 37.44698607, 240],
  [126.9500132, 37.44696418, 245],
  [126.95011494, 37.44691187, 241],
  [126.95022519, 37.44687881, 241],
  [126.95034198, 37.44685265, 241],
  [126.95046595, 37.44684083, 240],
  [126.95054526, 37.44677119, 247],
  [126.95060476, 37.4467258, 252],
  [126.95066586, 37.44664766, 250],
  [126.95076543, 37.44659092, 253],
  [126.95083266, 37.44651305, 254],
  [126.95092351, 37.44644937, 255],
  [126.95101195, 37.44638749, 260],
  [126.95107294, 37.44630793, 261],
  [126.9511898, 37.44628762, 264],
  [126.95128174, 37.44634146, 263],
  [126.95139969, 37.44636253, 264],
  [126.9515112, 37.44640164, 265],
  [126.95162279, 37.44643737, 267],
  [126.95174171, 37.44643146, 275],
  [126.95191563, 37.44642766, 272],
  [126.95203395, 37.44641651, 274],
  [126.95213709, 37.4463736, 278],
  [126.9522283, 37.44631385, 286],
  [126.95234411, 37.44629442, 283],
  [126.95246454, 37.4462841, 281],
  [126.95257337, 37.44625645, 282],
  [126.95269336, 37.44627451, 280],
  [126.95281318, 37.44628317, 285],
  [126.9529363, 37.4463139, 289],
  [126.9530562, 37.44629811, 293],
  [126.95317167, 37.44631702, 297],
  [126.95324836, 37.44638679, 302],
  [126.95335962, 37.44641552, 302],
  [126.95345977, 37.44645734, 307],
  [126.95357298, 37.446483, 315],
  [126.9536854, 37.44651503, 323],
  [126.95378181, 37.44656947, 323],
  [126.95388178, 37.44661717, 328],
  [126.9538843, 37.44662437, 328],
  [126.95397559, 37.44667807, 334],
  [126.95408219, 37.44670978, 338],
  [126.95420568, 37.44673348, 343],
  [126.9543238, 37.44674339, 348],
  [126.9544262, 37.44679462, 358],
  [126.95455071, 37.44681785, 362],
  [126.95466438, 37.44682781, 368],
  [126.95468909, 37.44683033, 374],
  [126.9547695, 37.44689451, 375],
  [126.95488547, 37.44693314, 381],
  [126.95499704, 37.44695048, 382],
  [126.95511257, 37.446986, 385],
  [126.95516612, 37.44708364, 392],
  [126.95526124, 37.44713833, 396],
  [126.95537195, 37.44716016, 397],
  [126.95548234, 37.44713681, 403],
  [126.95548436, 37.44711004, 399],
  [126.95559425, 37.44708285, 399],
  [126.95570939, 37.44708459, 402],
  [126.95579599, 37.44714304, 401],
  [126.95590681, 37.4471159, 398],
  [126.95602887, 37.44710672, 402],
  [126.95614266, 37.44709087, 404],
  [126.95624669, 37.44713382, 406],
  [126.95635867, 37.44718561, 407],
  [126.95647368, 37.44719685, 414],
  [126.95657661, 37.44724122, 418],
  [126.95666444, 37.44725358, 429],
  [126.95677237, 37.44728966, 431],
  [126.95686368, 37.44735019, 435],
  [126.95697434, 37.44737665, 432],
  [126.95706722, 37.44743325, 438],
  [126.95711728, 37.4475168, 446],
  [126.95720988, 37.44752743, 445],
  [126.95731757, 37.447499, 446],
  [126.95742601, 37.44752752, 449],
  [126.95754799, 37.4475143, 453],
  [126.95766595, 37.44753949, 455],
  [126.95777483, 37.44756567, 467],
  [126.95787937, 37.44760644, 468],
  [126.95799247, 37.44764112, 467],
  [126.95808673, 37.44769604, 467],
  [126.95817853, 37.44774937, 470],
  [126.95829701, 37.44776554, 471],
  [126.95841381, 37.44777394, 477],
  [126.95852645, 37.4478007, 479],
  [126.9586436, 37.44783298, 481],
  [126.95876365, 37.44783537, 482],
  [126.95878704, 37.44782898, 481],
  [126.95889968, 37.44781807, 480],
  [126.95899417, 37.44776314, 487],
  [126.9590423, 37.44767555, 490],
  [126.95915324, 37.44765526, 495],
  [126.95918139, 37.44756499, 498],
  [126.95926457, 37.44749976, 502],
  [126.95933138, 37.44746892, 500],
  [126.95943575, 37.44742912, 502],
  [126.95954906, 37.44741861, 510],
  [126.9596534, 37.44738158, 509],
  [126.95976672, 37.44737481, 514],
  [126.95980806, 37.44735028, 520],
  [126.95988427, 37.4472799, 527],
  [126.95995697, 37.44718491, 530],
  [126.95997525, 37.44708585, 528],
  [126.96000699, 37.44699374, 533],
  [126.96009542, 37.44693558, 532],
  [126.96020373, 37.44690332, 535],
  [126.96024497, 37.44680846, 536],
  [126.96028554, 37.44671443, 533],
  [126.96037773, 37.44665155, 528],
  [126.9604375, 37.44657433, 523],
  [126.96051418, 37.4465628, 523],
  [126.96061973, 37.44652391, 523],
  [126.96074019, 37.4464968, 532],
  [126.96083715, 37.44644605, 531],
  [126.96092053, 37.44637958, 531],
  [126.9610211, 37.44632305, 532],
  [126.96114238, 37.44630947, 532],
  [126.96125737, 37.44631031, 533],
  [126.96136129, 37.44626022, 533],
  [126.96146482, 37.44621054, 534],
  [126.96157818, 37.44622919, 541],
  [126.96169107, 37.44623332, 544],
  [126.96176802, 37.44621288, 546],
  [126.9618508, 37.44614565, 551],
  [126.96193488, 37.44608454, 548],
  [126.9619766, 37.44599741, 554],
  [126.96206529, 37.44593217, 549],
  [126.96212085, 37.44585221, 551],
  [126.96217998, 37.44577378, 552],
  [126.96222989, 37.44569218, 564],
  [126.96233951, 37.44567013, 564],
  [126.96244391, 37.44570844, 568],
  [126.96255236, 37.44568296, 580],
  [126.96260734, 37.44565682, 583],
  [126.96272001, 37.44567262, 590],
  [126.96282843, 37.44564432, 599],
  [126.96287247, 37.44555646, 604],
  [126.96292833, 37.44553272, 611],
  [126.96289518, 37.44554512, 614],
  [126.96289879, 37.44554432, 613],
  [126.96293498, 37.4455317, 611],
  [126.96304474, 37.44550431, 611],
  [126.9631268, 37.44543938, 611],
  [126.9632059, 37.44536226, 613],
  [126.96328959, 37.44529709, 613],
  [126.96336949, 37.44522671, 611],
  [126.96346036, 37.44517138, 621],
  [126.96356784, 37.44513468, 622],
  [126.96364556, 37.4450658, 623],
  [126.96375066, 37.44502065, 626],
  [126.96377021, 37.44492798, 622],
  [126.963882, 37.44489937, 616],
  [126.96394566, 37.44481884, 614],
  [126.96403587, 37.44476264, 626],
  [126.96411427, 37.44469506, 630],
  [126.96416346, 37.44460732, 632],
  [126.96415117, 37.44451389, 626],
  [126.96415996, 37.44442382, 625],
  [126.96422314, 37.44434688, 626],
  [126.96430211, 37.44427537, 624],
  [126.9644103, 37.44422727, 626],
  [126.96433698, 37.44418029, 612],
  [126.9642817, 37.44409477, 605],
  [126.96432966, 37.44400782, 598],
  [126.9643955, 37.44392055, 603],
  [126.96445314, 37.44383426, 606],
  [126.964499, 37.44374757, 603],
  [126.96451207, 37.44365516, 602],
  [126.96442274, 37.44359103, 584],
  [126.96446992, 37.44350277, 590],
  [126.96452894, 37.44341588, 593],
  [126.96459826, 37.44333815, 594],
  [126.96466003, 37.44325924, 589],
  [126.9646419, 37.44316692, 579],
  [126.96461627, 37.44307115, 576],
  [126.9646326, 37.44297233, 583],
  [126.96466622, 37.44287901, 578],
  [126.96469495, 37.44279069, 580],
  [126.9647308, 37.44270273, 580],
  [126.96478115, 37.44262119, 583],
  [126.96473702, 37.44253365, 581],
  [126.96467649, 37.44245412, 583],
  [126.96466674, 37.44243386, 584],
  [126.96459696, 37.442357, 590],
  [126.9645078, 37.44229951, 590],
  [126.9643996, 37.44226666, 587],
  [126.96429761, 37.44222527, 587],
  [126.96417788, 37.44222408, 589],
  [126.96405928, 37.44221929, 595],
  [126.96394686, 37.44220874, 591],
  [126.96387055, 37.44227603, 596],
  [126.96378689, 37.44233974, 588],
  [126.96371225, 37.4424088, 588],
  [126.96359196, 37.44241267, 583],
  [126.96347862, 37.44243395, 590],
  [126.96344722, 37.44246381, 581],
  [126.96333423, 37.44247596, 573],
  [126.96321202, 37.44249044, 566],
  [126.96309865, 37.44251546, 580],
  [126.96301642, 37.44258121, 569],
  [126.96290902, 37.44261233, 557],
  [126.96279401, 37.44264495, 546],
  [126.96269701, 37.44269882, 545],
  [126.96266618, 37.44270665, 543],
  [126.96255836, 37.44275009, 535],
  [126.96243866, 37.44276266, 531],
  [126.96232263, 37.44274999, 527],
  [126.96221969, 37.4427951, 522],
  [126.96210709, 37.44281636, 521],
  [126.96198742, 37.44282514, 520],
  [126.96187931, 37.44285703, 519],
  [126.96176436, 37.44287215, 512],
  [126.96165112, 37.44287682, 505],
  [126.96153538, 37.4428648, 502],
  [126.96141307, 37.44284941, 497],
  [126.96129791, 37.44285661, 499],
  [126.96118906, 37.44288787, 494],
  [126.96112116, 37.44298452, 491],
  [126.96104785, 37.44306242, 492],
  [126.96101178, 37.44311031, 492],
  [126.96094406, 37.44318709, 488],
  [126.96085015, 37.44324021, 487],
  [126.96074267, 37.44326971, 476],
  [126.96064177, 37.44331756, 472],
  [126.96053394, 37.44334513, 469],
  [126.96044488, 37.4433942, 466],
  [126.96033475, 37.4434277, 462],
  [126.96022889, 37.44346418, 460],
  [126.96011475, 37.44346773, 457],
  [126.96000546, 37.44350823, 455],
  [126.9599198, 37.44357704, 454],
  [126.9598337, 37.44363576, 455],
  [126.95973034, 37.44369359, 452],
  [126.95963085, 37.44374815, 451],
  [126.95952515, 37.44379219, 450],
  [126.9594434, 37.44385988, 448],
  [126.95933624, 37.44390469, 439],
  [126.95931393, 37.44393314, 441],
  [126.95921591, 37.44398719, 438],
  [126.95910624, 37.44401055, 439],
  [126.95899209, 37.44403057, 427],
  [126.95896718, 37.4441185, 413],
  [126.95893271, 37.44420688, 411],
  [126.95889207, 37.44429808, 411],
  [126.95882091, 37.44436949, 405],
  [126.95876797, 37.44444934, 401],
  [126.9586945, 37.44452793, 401],
  [126.95862627, 37.44461482, 396],
  [126.95860538, 37.44462971, 396],
  [126.95850674, 37.44468517, 395],
  [126.95842407, 37.44475453, 393],
  [126.95836444, 37.44483238, 393],
  [126.95827209, 37.44489371, 383],
  [126.95815569, 37.44491662, 378],
  [126.95802733, 37.44493343, 370],
  [126.95792861, 37.44499343, 371],
  [126.95780392, 37.44499243, 371],
  [126.95768992, 37.44502761, 363],
  [126.95756892, 37.44503653, 358],
  [126.95746791, 37.4450821, 352],
  [126.95735778, 37.44513258, 351],
  [126.95725549, 37.44518269, 350],
  [126.95715803, 37.44523303, 351],
  [126.95702965, 37.44526362, 355],
  [126.95690498, 37.44526515, 356],
  [126.95679133, 37.44528034, 356],
  [126.95667306, 37.44527646, 360],
  [126.95656481, 37.44531514, 359],
  [126.95646125, 37.44527675, 359],
  [126.95639489, 37.44526905, 356],
  [126.9562762, 37.44528281, 355],
  [126.95615121, 37.44529149, 354],
  [126.95603195, 37.44528554, 353],
  [126.95592612, 37.44531857, 351],
  [126.95581503, 37.44535067, 348],
  [126.95570104, 37.44534445, 347],
  [126.95559525, 37.44538736, 344],
  [126.95548376, 37.44540398, 339],
  [126.95538269, 37.44546032, 339],
  [126.9552836, 37.44551174, 335],
  [126.95517399, 37.44555277, 330],
  [126.95509308, 37.4455787, 330],
  [126.95499433, 37.44563459, 322],
  [126.95487404, 37.44566054, 321],
  [126.95475799, 37.44565632, 313],
  [126.95464713, 37.44568591, 310],
  [126.95454094, 37.44573053, 306],
  [126.95443729, 37.44576845, 302],
  [126.9543334, 37.44582014, 298],
  [126.95422937, 37.44586858, 298],
  [126.9541145, 37.44590315, 304],
  [126.95399773, 37.44593435, 295],
  [126.95387371, 37.44593484, 295],
  [126.95375412, 37.44591581, 291],
  [126.95362755, 37.44592053, 289],
  [126.95350803, 37.44591311, 287],
  [126.95338913, 37.44592414, 285],
  [126.95328733, 37.44596397, 284],
  [126.95322429, 37.44603963, 282],
  [126.95312504, 37.4460987, 284],
  [126.95302228, 37.44615528, 285],
  [126.9529108, 37.44620119, 286],
  [126.95279401, 37.44621316, 284],
  [126.9526976, 37.44627514, 283],
  [126.95258235, 37.44629319, 284],
  [126.9524656, 37.44627845, 285],
  [126.95243191, 37.44627671, 285],
  [126.95231475, 37.44630963, 281],
  [126.95221651, 37.44636605, 275],
  [126.95211197, 37.44641026, 272],
  [126.95199528, 37.44641405, 270],
  [126.95187773, 37.44642849, 271],
  [126.95176373, 37.44643529, 273],
  [126.95164565, 37.44643023, 272],
  [126.95153085, 37.44640242, 271],
  [126.951412, 37.44640002, 266],
  [126.95129826, 37.44636751, 263],
  [126.95117576, 37.44636836, 261],
  [126.95106733, 37.44641052, 258],
  [126.95098421, 37.44647441, 254],
  [126.95088029, 37.44651819, 253],
  [126.95082159, 37.44656263, 252],
  [126.95072571, 37.44661526, 246],
  [126.95065743, 37.44669692, 244],
  [126.95057249, 37.44676557, 241],
  [126.95049116, 37.44683246, 241],
  [126.95037087, 37.4468553, 236],
  [126.9502594, 37.44688571, 234],
  [126.95016902, 37.44694484, 234],
  [126.9502865, 37.44695362, 225],
  [126.95040426, 37.44696869, 225],
  [126.95046514, 37.4470449, 226],